-3294 -3300 -3302 -3312 -3373 -3719 -5791 
-3300 -3306 -3308 -3318 -3379 -3725 -5797 
-3302 -3308 -3310 -3320 -3381 -3727 -5799 
-3312 -3318 -3320 -3330 -3391 -3737 -5809 
-3373 -3379 -3381 -3391 -3452 -3798 -5870 
-3719 -3725 -3727 -3737 -3798 -4144 -6216 
-5791 -5797 -5799 -5809 -5870 -6216 -8288 
